planck2015_like = -884.3472761106414
planck_1_like = -877.1018088937245
planck_2_like = -7.245467216916779
