a_s = 2.19853e-09
baryon_fraction = 0.15592022106826864
cs2_de = 1.0
h0 = 0.68
hubble = 68.0
k_s = 0.05000000074505806
massive_nu = 1
massless_nu = 2.046
n_run = 0.0
n_s = 0.9658
n_t = 0.0
ombh2 = 0.022701897920000005
omch2 = 0.12225254880000001
omega_b = 0.0490958
omega_c = 0.264387
omega_k = 0.0
omega_lambda = 0.6851223038062284
omega_m = 0.31487769619377165
omega_nu = 0.001394896193771626
ommh2 = 0.14559944672000003
omnuh2 = 0.000645
r_t = 0.0
sigma_8 = 0.8391316157331478
sterile_neutrino = 0
tau = 0.0781
w = -1.0
wa = 0.0
yhe = 0.24
