planck2015_like = -352.12466531371643
planck_1_like = -344.88780492578724
planck_2_like = -7.236860387929198
