planck2015_like = -166.89360458856018
planck_1_like = -159.66178802147064
planck_2_like = -7.231816567089538
