a_s = 2.19853e-09
baryon_fraction = 0.15595913667576758
cs2_de = 1.0
h0 = 0.7
hubble = 70.0
k_s = 0.05000000074505806
massive_nu = 1
massless_nu = 2.046
n_run = 0.0
n_s = 0.9658
n_t = 0.0
ombh2 = 0.024056941999999998
omch2 = 0.12954962999999997
omega_b = 0.0490958
omega_c = 0.264387
omega_k = 0.0
omega_lambda = 0.6852008734693877
omega_m = 0.31479912653061226
omega_nu = 0.001316326530612245
ommh2 = 0.15425157199999998
omnuh2 = 0.000645
r_t = 0.0
sigma_8 = 0.8672146080456317
sterile_neutrino = 0
tau = 0.0781
w = -1.0
wa = 0.0
yhe = 0.24
