a_s = 2.19853e-09
baryon_fraction = 0.1557239966784497
cs2_de = 1.0
h0 = 0.6
hubble = 60.0
k_s = 0.05000000074505806
massive_nu = 1
massless_nu = 2.046
n_run = 0.0
n_s = 0.9658
n_t = 0.0
ombh2 = 0.017674488
omch2 = 0.09517931999999998
omega_b = 0.0490958
omega_c = 0.264387
omega_k = 0.0
omega_lambda = 0.6847255333333333
omega_m = 0.3152744666666667
omega_nu = 0.0017916666666666667
ommh2 = 0.11349880799999999
omnuh2 = 0.000645
r_t = 0.0
sigma_8 = 0.7254728613514297
sterile_neutrino = 0
tau = 0.0781
w = -1.0
wa = 0.0
yhe = 0.24
