planck2015_like = -899935.6060117787
planck_1_like = -899899.3260366364
planck_2_like = -36.2799751422871
