planck2015_like = -305967.8235284662
planck_1_like = -305952.91525824874
planck_2_like = -14.908270217494447
