planck2015_like = -127606.23531693977
planck_1_like = -127596.63499703098
planck_2_like = -9.600319908785025
