planck2015_like = -60140.94494975062
planck_1_like = -60133.03687035891
planck_2_like = -7.9080793917113965
