planck2015_like = -23253.120834013065
planck_1_like = -23245.3305801989
planck_2_like = -7.790253814164515
