planck2015_like = -111.43690445153891
planck_1_like = -104.20508788547733
planck_2_like = -7.231816566061582
