a_s = 2.19853e-09
baryon_fraction = 0.15621719859380476
cs2_de = 1.0
h0 = 0.9
hubble = 90.0
k_s = 0.05000000074505806
massive_nu = 1
massless_nu = 2.046
n_run = 0.0
n_s = 0.9658
n_t = 0.0
ombh2 = 0.03976759800000001
omch2 = 0.21415347
omega_b = 0.0490958
omega_c = 0.264387
omega_k = 0.0
omega_lambda = 0.6857209037037038
omega_m = 0.3142790962962963
omega_nu = 0.0007962962962962961
ommh2 = 0.25456606800000003
omnuh2 = 0.000645
r_t = 0.0
sigma_8 = 1.1460062969274416
sterile_neutrino = 0
tau = 0.0781
w = -1.0
wa = 0.0
yhe = 0.24
