planck2015_like = -441.16315026193485
planck_1_like = -433.9331181786299
planck_2_like = -7.230032083304934
