planck2015_like = -915.7586137111132
planck_1_like = -908.5204556484606
planck_2_like = -7.238158062652644
