planck2015_like = -33000.851764041836
planck_1_like = -32992.47882896322
planck_2_like = -8.372935078617132
