planck2015_like = -9384.753040533102
planck_1_like = -9377.415876208906
planck_2_like = -7.337164324194987
