planck2015_like = -11292.496945269317
planck_1_like = -11285.087338360496
planck_2_like = -7.409606908821559
